             7777777777777777777777777777777777777777777777777777777
            788888888888888888888888888888888888888888888888888888887
            788                                                   887
            78 6  1 6 66 1 6661 6661 6  1 6661 6661 6661 6661 661  87
            78 6666 6 66 6 6333 6333 6  6 6333 6333 6336 6333 6336 87
            78 6666 6 6366 661  6666 6666 661  661  6  6 661  6  1 87
            78 6336 6 6 66 633  3336 6666 633  633  6666 633  666  87
            78 6  1 6 6 31 6616 6661 6331 6616 6616 1333 6616 6336 87
    6       78 3  3 3 3  3 3333 3333 3  3 3333 3333 3    3333 3  3 87     6
   6  66    788                                                   887   66  6
    6336    788888888888888888888888888888888888888888888888888888887   6366
   6 6336    7777777777777777777777777777777777777777777777777777777   6336 6
    6 6  77                                                          77  6 6
        77777                                                      77777
       7  7  77                                                  77  7  7
      7    7   7     44444444444444444444444444444444444444     7   7    7
     7     7    7   4                                      4   7    7     7
   3333733333373333 4                                      4 3333733333373333
   3333733333373333 4                                      4 3333733333373333
   3333733333373333 4                                      4 3333733333373333
   8888888888888888 4                                      4 8888888888888888
   8888888888888888 4                                      4 8888888888888888
   3333733333373333 4                                      4 3333733333373333
   3333738888373333 4                                      4 3333738888373333
   3333738888373333 4                                      4 3333738888373333
   3333738888373333 4                                      4 3333738888373333
   3333733883373333 4                                      4 3333733883373333
   3333733333373333 4                                      4 3333733333373333
   3333783333873333 4                                      4 3333783333873333
   3333738338373333 4                                      4 3333738338373333
   3333733883373333 4                                      4 3333733883373333
   3333738338373333 4                                      4 3333738338373333
   3333783333873333 4                                      4 3333783333873333
   3333733333373333 4                                      4 3333733333373333
   8888888888888888 4444444444444444444444444444444444444444 8888888888888888
   8888888888888888 4                                      4 8888888888888888
   3333733333373333  44444444444444444444444444444444444444  3333733333373333
   3333733333373333                                          3333733333373333
   3333733333373333                                          3333733333373333

           1111111111111111111111111111111111111111111111111111111111
          111111111111111111111111111111111111111111111111111111111111
          111111111111111111111111111111111111111111111111111111111111
          111111111111111111111111111111111111111111111111111111111111
           1111111111111111111111111111111111111111111111111111111111
