....................7777777777777777777777777777777777777777....................
.                  788888888888888888888888888888888888888887                  .
.      7777        788                                    887       3333       .
.    77777777      78  6661   61    661  6  1   61   66 1  87     33333333     .
.   7777777777     78  6336  6336  6333  6666  6336  66 6  87    3333333333    .
.   77  77  77     78  6  6  6  6  1     6666  6  6  6366  87    33  33  33    .
.   77  77  77     78  6666  6661  6     6336  6661  6 66  87    33  33  33    .
.   7777777777     78  1333  6336  3666  6  1  6336  6 31  87    3333333333    .
.   77  77  77     78  3     3  3   333  3  3  3  3  3  3  87    33  33  33    .
.   7 77  77 7     788                                    887    3 33  33 3    .
.   7777777777     788888888888888888888888888888888888888887    3333333333    .
.   77 7777 77      7777777777777777777777777777777777777777     33 3333 33    .
.   7   77   7                                                   3   33   3    .
.                                                                              .
.                                                                              .
.                    44444444444444444444444444444444444444                    .
.                   4                       4              4                   .
.                   4                       4              4                   .
.                   4                       4              4                   .
.                   4                       4              4                   .
.                   4                       4              4                   .
.                   4                       4              4                   .
.                   4                       4              4                   .
.   66666           4                       4              4                   .
   6666666          4                       4              4                   .
  666666666         4                       4              4                   .
 66666666666        4                       4              4                   .
 66666666           4                       4              4                   .
 66666              4                       4              4                   .
 66666666           4                       4              4                   .
 66666666666        4                       4              4                   .
  666666666         4                       4              4                   .
   6666666          4                       4              4                   .
.   66666           4                       4              4                   .
.                   4                       4              4                   .
.                   4                       4              4                   .
.                    44444444444444444444444444444444444444                    .                                     .
.                                                                              .
.                                                                              .
.                                                                              .
.          1111111111111111111111111111111111111111111111111111111111          .
.         111111111111111111111111111111111111111111111111111111111111         .
.         111111111111111111111111111111111111111111111111111111111111         .
.         111111111111111111111111111111111111111111111111111111111111         .
...........1111111111111111111111111111111111111111111111111111111111...........